133
0.006627290818780267
0.006680972473339583
0.007259202387612476
0.00986937760307937
0.0141223863952145
0.018577030180119275
0.02330198233210712
0.02836491509598385
0.03385227730527421
0.037582106552766115
0.03844611174560178
0.038527073877965334
0.038608137795723335
0.039487003601571896
0.04356944373293417
0.05062079723676835
0.058508708606280435
0.06740162551886997
0.07748864095393199
0.08900183457618549
0.0971238044502562
0.09903999237023381
0.09922017389054072
0.09940068736916147
0.10136872383971224
0.11063964449276231
0.12718323972313594
0.14638435612958234
0.16874843050662913
0.19489057662046694
0.22556903351704816
0.24764371766156312
0.2529052493093795
0.2534007730520258
0.253897342842923
0.25930224847918537
0.2850160086016815
0.33161719876871865
0.3864317516386715
0.450795492051395
0.5256727507641177
0.6112378437469923
0.6698956593954435
0.6833727776315794
0.6846314015346753
0.6858907273921782
0.6994640572540454
0.7601987305564486
0.8499032379830962
0.9211566440444052
0.968692978428991
0.9918148711276569
0.9889741113202799
0.9724588412756958
0.9669893026958389
0.9664502989670165
0.9659055168551127
0.959681340072235
0.9233367383765616
0.8344004266777203
0.7066246325043277
0.5455732075013033
0.36071513014980017
0.16133231443659213
0.0318105537365696
0.002694684733913988
-1.4176417872491243E-5
-0.002723037337462486
-0.031869520802362494
-0.16139278191106232
-0.3606452796633066
-0.545497220548218
-0.7065604719062506
-0.8342087785988621
-0.9231536403507006
-0.9596701247948696
-0.9658932139829632
-0.9664378373000435
-0.9669766818007881
-0.9724091172562481
-0.9889919404468808
-0.9917145686941637
-0.9686377301011273
-0.9210815653527531
-0.8499069996507731
-0.7600920873729056
-0.699426147052157
-0.6858683843218802
-0.6846096400966233
-0.6833514197564599
-0.6698411368919479
-0.6111235548214902
-0.5256032786521763
-0.4507682663147814
-0.3864553690236985
-0.3316444003418817
-0.2850463503588814
-0.2593239597078427
-0.25392972017058746
-0.2534339871701776
-0.2529392769151524
-0.24768521741713023
-0.22559725057153535
-0.19494618459291213
-0.16879752658298275
-0.14641184862903067
-0.12721117393911785
-0.11066178945321958
-0.10139136299722834
-0.09942944399320325
-0.099248945197429
-0.09906878079177861
-0.09715300484196271
-0.08905113377356222
-0.07751539449330025
-0.06742235384674922
-0.05852629805256687
-0.05063286711625703
-0.043579999522614044
-0.03949291992592288
-0.03861345763627344
-0.03853225532569993
-0.03845115529866677
-0.037585712246753916
-0.033858332454294426
-0.028368946605609235
-0.023305205967096315
-0.01858122382913202
-0.01412635728174659
-0.009871184268949444
-0.007260123715889022
-0.006681881237956877
-0.00662818545899458
